ratiogroup1 = [(80/30); (112.5/62)];
ratiogroup2 = [(93.75/27); (65/25)];

